-3464
-4362
-4725
-4519
-3902
-2554
-695
1571
3578
5372
6305
6809
6353
4977
2946
-75
-3129
-6738
-9412
-11620
-12536
-12519
-11552
-9967
-8237
-6148
-4057
-2205
-1024
-587
-1202
-2316
-3991
-6363
-8937
-11377
-13414
-14912
-15712
-15228
-13682
-11255
-8224
-4941
-2178
297
2052
3189
3818
3229
2114
587
-832
-2239
-3367
-3509
-3137
-2328
-947
966
2886
4634
6467
7517
8009
7952
7211
6007
4735
3588
2196
1113
183
-365
-550
-215
472
1416
2260
2503
2815
2973
3069
2962
2454
1929
1271
468
-245
-1017
-1512
-1529
-1292
-1129
-708
-509
-125
433
1148
1608
1920
2007
1605
1045
183
-1124
-2367
-3824
-4871
-5633
-5894
-5855
-5115
-3802
-2246
-300
1640
3442
4658
5345
5539
5067
4256
2977
1307
-462
-2227
-3495
-4130
-4101
-3330
-2014
-333
1547
3480
5420
7019
7811
7566
5943
3423
350
-2738
-5496
-7959
-9510
-9984
-9420
-7635
-5063
-2041
1334
4058
6161
7628
7805
7246
6136
3982
1240
-1577
-4304
-6037
-6788
-6483
-5348
-3252
-875
1624
4191
6435
8074
8876
8384
6914
4294
1771
-918
-3144
-4887
-6570
-7418
-7505
-6878
-5460
-3202
-685
1808
3874
5168
6339
7382
7939
8346
8460
7900
6719
5553
4710
3855
3547
3312
3071
3065
3739
4386
5642
7096
8220
8533
8247
7756
6832
5497
3774
1979
-640
-3110
-5118
-6689
-7512
-7999
-7546
-7034
-6040
-5108
-4053
-2947
-2308
-1551
-1499
-2063
-3164
-4767
-6347
-7807
-9361
-11084
-12395
-13482
-13603
-12593
-10732
-8267
-5787
-3541
-1425
250
1481
2036
1701
874
-835
-2530
-4506
-6297
-7411
-7552
-7372
-6575
-4737
-2800
-531
1998
4486
6281
7335
7777
7282
6104
4652
2979
1188
-226
-1153
-1359
-820
619
2709
4882
6977
8762
9945
10874
11117
10434
8618
6293
3308
78
-2903
-5445
-7234
-7841
-7791
-6411
-4341
-2201
57
2332
3955
4904
5172
4517
3370
1330
-988
-3979
-6568
-8480
-9189
-9063
-8306
-6831
-4970
-2640
-644
918
2276
2591
2697
1925
639
-1137
-3265
-5296
-7175
-9015
-10175
-10629
-10519
-9618
-8514
-7339
-5950
-4727
-3373
-2276
-1614
-1439
-1797
-2415
-3224
-4026
-5184
-6409
-7807
-8744
-9474
-9602
-8456
-6760
-4762
-3389
-2320
-1742
-1336
-799
-561
-1177
-2130
-3722
-5411
-7247
-8504
-9448
-9803
-9826
-9332
-8564
-7378
-5610
-3717
-1701
-262
158
95
-492
-1531
-2617
-3917
-5299
-6823
-8152
-8886
-9023
-8067
-6529
-4662
-2791
-1092
-19
697
1007
1297
1471
1158
98
-1450
-2844
-4154
-5336
-5612
-5776
-5258
-4496
-3117
-1510
434
2722
4493
5756
5967
5673
4638
3400
1555
-508
-2751
-4949
-6654
-7605
-7555
-7026
-6263
-5396
-4167
-3204
-2369
-1928
-1880
-2787
-4323
-6356
-8301
-10303
-12040
-13973
-15804
-16809
-17311
-17045
-15757
-14156
-11977
-10081
-8401
-7158
-6246
-6079
-6210
-6933
-8231
-9772
-11150
-12014
-12551
-12069
-10953
-9498
-7919
-6008
-3891
-1747
-21
918
1252
861
397
-353
-1236
-2393
-3752
-5067
-6165
-6785
-7083
-6761
-5937
-4709
-3412
-2009
-686
208
781
699
303
-733
-1848
-3012
-4296
-5721
-6937
-7800
-8038
-7530
-6374
-4628
-2843
-939
862
2000
2459
2238
1613
-71
-2223
-4444
-6976
-8850
-9984
-10488
-10161
-9268
-7919
-5673
-2841
-529
1592
2787
3593
3636
2836
1309
-469
-2469
-4448
-6463
-8353
-9879
-10662
-10566
-9563
-7997
-6135
-4330
-2659
-1500
-965
-779
-1328
-2581
-4584
-6844
-9128
-11459
-13295
-15108
-16542
-17559
-17599
-16843
-15480
-13205
-10407
-7721
-5661
-4361
-3892
-4049
-4960
-6334
-8234
-10182
-11747
-12702
-12971
-12486
-11511
-9828
-8070
-5735
-3108
-780
972
1983
1937
653
-1252
-3341
-5444
-7065
-8607
-10162
-11132
-11383
-10660
-8872
-6354
-3781
-1295
613
2211
3340
3537
2917
1393
-1184
-4044
-6557
-8343
-9095
-8832
-7693
-6235
-4769
-2802
-1002
996
2620
3876
3896
2930
1480
-383
-2409
-3978
-5483
-6711
-7570
-7777
-7510
-6739
-5190
-3736
-2032
-732
362
1586
2436
2718
2535
1852
1073
190
-1075
-2110
-3674
-4853
-6409
-7896
-8945
-9601
-9433
-8723
-7537
-6251
-5248
-4480
-4130
-4256
-4683
-6071
-7877
-9960
-12350
-14664
-16355
-17042
-16966
-16050
-14415
-12049
-9466
-6666
-4159
-2158
-1117
-775
-1387
-2299
-3385
-4429
-5772
-6819
-7517
-7732
-7005
-5591
-3861
-1998
-328
896
1867
2273
2490
2404
2059
1440
535
-687
-1971
-3181
-3873
-4103
-3877
-3275
-2662
-1460
-6
1612
3038
4378
5803
6679
7175
7173
6958
6062
4877
3244
1782
520
-203
-303
-277
359
1555
3451
5670
7523
8958
9680
9647
8914
7958
6393
4287
1765
-1044
-3643
-5818
-7227
-8031
-8159
-7537
-6441
-4908
-3170
-1177
569
1879
2576
2631
1802
535
-1044
-2797
-4606
-6544
-8333
-9830
-10350
-10131
-9126
-7579
-5877
-4075
-2541
-1666
-777
-168
-80
-515
-1461
-2831
-4595
-6196
-7379
-8283
-8725
-8691
-8105
-7046
-5357
-3819
-2310
-1051
-111
497
689
733
733
349
-675
-1495
-2255
-3011
-2896
-2400
-1577
-614
450
1439
2357
3165
3483
3342
2551
1032
-809
-2223
-3477
-4243
-4677
-4923
-4854
-4110
-3197
-1820
-658
272
746
813
460
-268
-942
-1856
-3021
-3951
-4760
-5061
-4566
-3454
-2114
-753
878
2103
3345
4445
5209
5743
6002
5559
4663
3821
2700
1806
951
179
-211
-704
-691
-334
534
1459
2256
2831
3446
3469
3005
2170
855
-726
-2624
-4490
-6842
-8604
-9651
-10246
-9900
-9002
-7460
-5491
-3121
-705
1363
2675
2789
1948
477
-1630
-3649
-5633
-6798
-7431
-7755
-6984
-5995
-3913
-1297
1474
4240
6681
8718
10027
10452
10246
9152
7755
6000
4033
2419
1293
931
1232
2525
4054
5816
7334
8820
10026
10500
10514
9483
7571
5828
3899
1980
85
-1286
-2322
-2778
-2833
-2568
-1976
-978
17
729
1277
1798
1843
1592
1174
465
-430
-1434
-2182
-3050
-3423
-3603
-3612
-2963
-2153
-723
747
2264
3658
4731
5679
6268
6178
5877
4948
3429
1872
479
-797
-1624
-1940
-1513
-543
1303
3091
5301
7665
9626
11101
11681
11097
9902
8258
5997
3525
581
-2519
-4689
-6195
-6639
-6019
-4530
-2597
-43
2703
5139
7679
9565
10335
9670
7934
5389
2529
-131
-2653
-4872
-6596
-7384
-7306
-5935
-3436
-221
3557
7040
9752
11635
12730
13312
13002
12368
10881
8475
5596
3093
730
-988
-1846
-1991
-1828
-941
695
3204
5858
8322
10103
11006
11049
10541
9276
7679
5582
3122
482
-1802
-3939
-5747
-6315
-5921
-5209
-3768
-2210
-433
1570
3106
4346
4930
5006
4887
4120
3361
2613
2066
1800
1446
1262
1235
1671
2058
2350
2132
1882
1376
1019
559
159
-420
-836
-1260
-1531
-1855
-2188
-2362
-2431
-2540
-2603
-2662
-2403
-2210
-2071
-2225
-2709
-4007
-5653
-7188
-8416
-9203
-9827
-10346
-10325
-9485
-7537
-5081
-2023
1106
4149
6746
8405
9377
9441
8695
7193
5175
2585
112
-1730
-2691
-2715
-1761
-217
2083
5099
8592
12073
15150
17408
18723
18430
16641
13933
10586
6459
2398
-1033
-3977
-6105
-7084
-6985
-5937
-4331
-1925
573
2920
4736
5792
5778
4792
3338
1153
-1439
-4392
-7383
-10002
-12084
-13863
-14741
-15229
-14849
-13473
-11378
-8444
-5444
-2152
486
2927
4649
5428
4952
3454
1103
-1463
-4482
-7220
-9736
-11302
-11798
-11036
-8971
-6020
-2149
1728
5458
8262
9473
9752
8953
7027
4297
865
-2547
-5662
-8133
-9442
-9356
-8382
-6617
-4530
-2425
-359
660
1252
569
-1007
-3061
-5557
-7781
-9612
-10983
-11837
-12285
-11895
-11227
-9668
-7783
-5670
-4169
-2629
-1812
-876
-133
-116
-484
-1148
-2166
-3513
-4632
-5534
-6045
-6255
-5692
-4545
-2990
-1083
1309
3571
5200
6507
6799
6969
6238
5030
3369
1151
-948
-3105
-4673
-5442
-5476
-4581
-3052
-922
460
1688
2638
3587
3796
3725
2505
550
-1834
-4455
-6738
-8963
-10417
-11678
-12366
-12238
-11349
-9700
-7536
-5485
-3797
-2711
-2221
-2200
-2686
-3213
-4537
-6203
-7974
-9653
-11514
-12727
-13070
-12956
-12019
-10360
-8457
-6009
-3314
-896
879
2234
2053
1087
-870
-3518
-6710
-9933
-13159
-15888
-17653
-17932
-16718
-14114
-10683
-7313
-3840
-1029
1094
2119
1841
606
-1755
-4692
-7788
-10647
-13160
-14865
-16033
-16045
-15140
-12986
-10216
-7199
-4288
-1534
616
2131
2894
2531
1786
-145
-2329
-5093
-7726
-9761
-11309
-12212
-12604
-11660
-10612
-9122
-7618
-5836
-4227
-2698
-1753
-1539
-2012
-3212
-4666
-6354
-8423
-10697
-12776
-14495
-15711
-16183
-16101
-14811
-12868
-10481
-8166
-5700
-4019
-3034
-2913
-3889
-5447
-7139
-8976
-10588
-12161
-13211
-13836
-13950
-12985
-11055
-8690
-6578
-4585
-2935
-1981
-1466
-1640
-2113
-3176
-4508
-6265
-7779
-8856
-9203
-8811
-8154
-7075
-5634
-4204
-2375
-505
1150
1590
992
-456
-2555
-4760
-7040
-9338
-11514
-13660
-15163
-15706
-15095
-13486
-11421
-9134
-6981
-5420
-4380
-3616
-3430
-4143
-5704
-7882
-10496
-13418
-15813
-17850
-18718
-19084
-18586
-17532
-16098
-14090
-11617
-8787
-6276
-3999
-2809
-2573
-3268
-4406
-6004
-7889
-9892
-12074
-13701
-14942
-15448
-15122
-14091
-12814
-10948
-9311
-7683
-6020
-5103
-4547
-4476
-5308
-6879
-9211
-11851
-14577
-17043
-18916
-20294
-20954
-20779
-20196
-18907
-17672
-16160
-14609
-13392
-12937
-12816
-13222
-13739
-14448
-15111
-16152
-17163
-17551
-17441
-16949
-15738
-14108
-11786
-9535
-7249
-5264
-3806
-3169
-2856
-3191
-4102
-5183
-6185
-7137
-7941
-8477
-8534
-7918
-6453
-4853
-3207
-1775
-767
-237
65
-176
-1057
-2266
-3882
-5661
-7122
-8089
-8486
-8375
-7673
-7038
-6005
-5198
-4103
-3086
-2050
-1500
-1295
-1774
-2896
-4045
-5250
-6275
-7149
-8000
-8449
-8747
-8825
-8489
-8080
-7841
-7579
-7342
-7088
-6966
-6845
-6786
-6882
-7009
-7636
-8759
-10051
-11230
-12315
-13449
-14305
-14828
-14813
-14086
-13073
-11583
-9889
-8275
-6466
-4761
-3453
-2558
-2122
-2300
-2937
-4431
-6151
-8258
-10309
-12053
-13103
-13464
-13063
-12041
-10377
-8992
-7245
-6164
-5357
-5133
-5462
-6608
-8281
-10209
-12419
-14354
-16095
-16883
-17064
-16401
-15160
-13565
-11700
-9670
-7355
-5135
-3653
-2819
-2642
-3174
-3891
-4935
-6565
-8141
-9865
-11445
-12635
-13110
-12506
-11494
-10095
-8254
-6344
-4305
-2428
-801
418
863
565
-498
-2133
-3999
-5635
-7167
-8304
-9230
-9626
-9382
-8790
-7382
-5435
-3259
-970
1047
2629
3994
4573
4665
4095
2800
1031
-720
-2236
-3289
-3680
-3526
-3068
-2278
-973
381
1820
2935
3768
4072
3506
2491
639
-1332
-3372
-5184
-6507
-7385
-7933
-8083
-7596
-6754
-5562
-4704
-4112
-3666
-3610
-3809
-4330
-5051
-6227
-7060
-8248
-9184
-10194
-11062
-11090
-10943
-10349
-9651
-8893
-7768
-6891
-6301
-6103
-6553
-6791
-7189
-7519
-8296
-9410
-10611
-11311
-11996
-11859
-11155
-10142
-8592
-6844
-5138
-3326
-1778
-160
1196
1685
1209
-284
-2202
-4279
-6321
-7763
-8794
-9094
-8802
-7885
-6195
-3825
-1385
1040
3386
5133
6095
6428
5903
4807
2692
335
-2590
-5054
-7523
-9125
-9771
-9600
-8698
-6773
-4351
-1562
1485
4052
6033
7726
8867
8869
8413
7024
5089
2820
647
-902
-1932
-2443
-2737
-2114
-1420
-550
644
2172
3279
4076
4386
4102
3774
3042
2131
1238
195
-241
-649
-867
-174
1061
2486
4046
5509
6297
6671
6577
5865
5289
4181
3104
2000
1291
679
534
661
1450
2585
3126
3880
4510
4843
4757
4387
3277
1762
-120
-2214
-4045
-5755
-6858
-7612
-7866
-7606
-6826
-5478
-3637
-1708
246
2019
3423
4820
5411
5523
5191
4146
2577
1017
-446
-1841
-2615
-2907
-2427
-1346
286
2199
4818
6974
8905
9750
9802
8902
7633
6250
4478
2838
1382
73
-1227
-1872
-1573
-730
531
1905
3176
4107
4855
5682
6467
6717
6543
5694
4436
2769
1068
-823
-2358
-3894
-4840
-5265
-5041
-4328
-2744
-855
1148
2647
3906
4498
4959
4918
4648
3947
2263
661
-1005
-2152
-2898
-3269
-2820
-2158
-1207
479
2754
5280
8024
10135
11255
11657
11080
9759
7760
5593
3281
1279
-89
-723
-330
722
2508
4317
5799
7057
7723
7886
7464
6396
4639
2493
57
-1976
-3521
-4758
-4930
-5123
-4285
-3143
-1827
511
2510
4283
5784
6570
7161
6997
6519
5532
4222
2701
1222
224
-268
2
949
2524
4320
6505
8660
10701
12158
13008
13000
12323
11207
9570
8198
6387
4589
2931
1495
369
-226
-140
542
1377
2190
3078
3390
3456
3086
2624
1744
145
-1723
-3905
-5660
-7075
-7918
-8125
-7817
-6771
-5759
-4155
-2218
-341
1457
2649
3315
3449
3026
2212
1063
-187
-1409
-2785
-3982
-4870
-5092
-4897
-4439
-3409
-2072
-252
1830
3767
5547
6686
7093
6988
6100
4828
3394
1808
405
-1088
-2236
-2936
-3351
-3057
-2086
-749
241
1460
2653
3535
4098
4072
3032
1284
-373
-2162
-3247
-3821
-3864
-3608
-3265
-2556
-1763
-578
229
912
1643
2059
2277
2256
2222
2231
2257
2197
2295
2419
2710
3463
4481
5372
5954
6338
6689
6969
7340
7596
7495
7707
7453
6692
5882
5037
4465
3826
3347
2682
2275
1862
1507
1486
1408
1350
1219
1094
532
-155
-520
-1221
-2223
-3529
-5125
-6627
-7279
-7419
-6846
-5629
-4031
-2271
-221
1627
3193
4011
4249
3520
1879
-312
-2984
-5222
-6993
-8253
-8459
-8001
-6516
-4259
-1659
1065
3198
4531
5104
4974
4322
3546
2658
1557
234
-1415
-2523
-3797
-4802
-5158
-5144
-4958
-4348
-3070
-1505
184
1692
3068
4036
4600
4633
4258
3418
2287
575
-1140
-2808
-4560
-5737
-6372
-6632
-6256
-5189
-3865
-2223
-623
929
2304
3577
4209
4224
3728
3251
2233
1592
648
85
-94
-18
481
1337
2780
4119
5275
6227
6817
7154
6904
6157
4870
3231
1048
-958
-3105
-4416
-5412
-5786
-5940
-5988
-5913
-5789
-5325
-5071
-4966
-5204
-5647
-6187
-7023
-7828
-8737
-9794
-10925
-11821
-12176
-11756
-10840
-9400
-7551
-5843
-4443
-3038
-2301
-1967
-1838
-2303
-3095
-3709
-4599
-4670
-4863
-4809
-4337
-3549
-2052
-176
1422
3073
4537
5584
5576
5083
3679
1770
-210
-2066
-4088
-5655
-7062
-8180
-8238
-7928
-6955
-5320
-3211
-679
1659
3045
3982
3624
2644
851
-1466
-4190
-7283
-9892
-12276
-13701
-14350
-13845
-12405
-10048
-7333
-4427
-1671
1035
3012
4164
4445
3825
2233
361
-1926
-4200
-6084
-7702
-8350
-8443
-7730
-6366
-4321
-1423
1410
3999
5736
6402
6324
5377
3897
1767
-572
-3073
-5728
-8026
-9513
-10203
-10636
-10452
-9911
-8792
-7216
-5585
-3924
-2303
-1348
-1260
-2152
-3964
-5945
-7829
-9726
-11321
-12449
-13125
-12906
-11688
-9705
-7471
-4935
-2604
-798
586
1351
1536
1102
209
-988
-2582
-3602
-4223
-3802
-2927
-1897
-450
976
2798
4611
6521
7673
8122
8086
7147
5934
4202
2236
358
-1162
-2557
-3683
-4243
-4090
-3501
-2647
-1349
-22
1314
2377
3178
3646
3901
3633
3234
1772
253
-1751
-3919
-5374
-6314
-6726
-6768
-6627
-5946
-4439
-2216
-262
1641
3189
4333
4685
4562
3435
1433
-1191
-3858
-6480
-8494
-9906
-10603
-9904
-8399
-6574
-4490
-2535
-950
461
1415
1543
1575
1061
-208
-1955
-4081
-5936
-7796
-9177
-10110
-10604
-10215
-9198
-7792
-6354
-4741
-3582
-2661
-2090
-2143
-2611
-3312
-4208
-4595
-4981
-4904
-4524
-4387
-4074
-3408
-2645
-1867
-1394
-1167
-1348
-1315
-1346
-1064
-724
-263
532
1515
2152
2692
2871
2877
2626
2053
1464
834
571
616
1060
1507
1713
2181
2433
2355
1606
679
-672
-1879
-2854
-3932
-4553
-4584
-3795
-2700
-1343
102
1617
3391
5052
6298
6952
6810
5822
4663
3441
1957
1017
544
556
918
1719
2658
4370
6192
7883
8967
9771
9972
9186
8149
6683
4915
2841
267
-1752
-3125
-4180
-4696
-4979
-4847
-4918
-4581
-4244
-4337
-4770
-5274
-6215
-7643
-8909
-10023
-11232
-12634
-13875
-15221
-16271
-17126
-17617
-17363
-16653
-15774
-14588
-13058
-11337
-9468
-7648
-5870
-5049
-4463
-4331
-4341
-4565
-4497
-4148
-3799
-3497
-3279
-2768
-1773
-323
1161
2614
3519
3970
4081
3696
2918
1958
894
-249
-1016
-1279
-822
166
1574
3214
4650
5800
6698
7241
7634
7130
5704
3583
991
-1438
-3283
-4352
-4397
-3211
-1315
1109
3845
6427
8858
10972
12430
12958
12845
11967
10541
8725
6838
4796
2655
904
-317
-1501
-1866
-1649
-801
733
2533
4680
6694
8523
10250
11045
11170
10644
8955
6854
4579
2505
702
-637
-1191
-1490
-1002
-170
1338
3298
5236
7236
9073
10349
10855
10180
9041
7536
5751
3982
2052
349
-547
-1055
-1251
-1352
-764
123
1146
1907
2741
3417
3798
4235
3769
3175
2772
1918
1352
898
769
1072
1639
2298
2880
3430
3943
4520
5116
5442
5355
5077
4314
3419
2325
1078
239
-792
-1270
-1611
-1406
-298
616
1470
2392
3511
4352
4934
5108
4685
3885
2615
1026
-637
-1764
-2463
-2585
-1998
-1312
-102
1508
3297
5416
7577
9553
11212
12516
13410
13970
14238
13932
13360
12095
10950
10041
9524
9797
10263
11436
12662
13978
15449
16768
17970
18490
18440
17305
15574
13070
10396
7802
5013
2847
600
-1008
-2131
-2170
-1263
376
2250
4412
5935
7191
7908
8053
7238
5574
3308
560
-2500
-4923
-6892
-7798
-7443
-5913
-3689
-485
2844
6323
9470
11684
12788
12797
12074
10552
8575
6604
4972
3352
2280
2002
2762
4306
6474
8988
11283
13327
14638
15323
14959
13963
12150
9484
6165
2649
-499
-3367
-5170
-6223
-6310
-5691
-4454
-2609
-491
1775
3402
4398
4547
4407
3570
3003
1946
1199
140
-936
-1612
-2414
-2371
-1760
-1174
-198
1157
3057
5172
7693
10002
12179
13534
14171
14224
13687
12820
11664
10823
10147
10016
10249
10810
11663
12732
13989
15159
16018
16509
16566
16203
15441
14426
12870
11103
9318
7247
5807
4559
3701
3670
4524
5815
7090
8255
9265
9192
8509
7063
5248
3115
779
-1332
-3171
-4303
-4661
-3952
-2763
-1188
675
2685
4560
6468
8164
8979
9166
8707
7980
6556
5041
3723
2977
2554
2508
2734
3135
3963
4893
6163
7493
8742
10271
11546
12662
13213
12850
11936
10308
8418
6093
3971
2503
1532
1247
1136
1584
2185
3317
4703
5709
6507
7117
7557
8040
8420
7880
6983
5561
3858
2047
551
-363
-615
-346
660
2215
3974
6204
8058
9850
11092
11729
11249
10137
8545
7055
5677
4190
3157
1995
1388
1398
2050
3818
5477
7053
7968
8151
8105
7725
7309
6630
5405
3968
2157
691
-169
-669
-1039
-1004
-1158
-1006
-600
760
2597
4105
5515
6245
6285
5822
4596
3213
2169
944
-418
-1456
-2215
-2394
-2104
-1344
-230
1336
3131
5330
7688
10110
12046
13256
13298
12325
10404
7913
4940
1933
-884
-3121
-4696
-5144
-4313
-2831
-298
2169
4985
7578
9318
9988
9651
7939
5232
2224
-1002
-3885
-6503
-8307
-9231
-9439
-8503
-7218
-5568
-3826
-2219
-393
694
1684
1979
2029
1292
460
-278
-1269
-2008
-2592
-2810
-2615
-2212
-1491
-82
1144
2226
3761
4657
5349
5545
5305
4487
3481
1953
86
-2054
-4181
-5747
-6769
-7027
-6352
-5099
-3079
-922
1317
2869
3819
3575
2342
183
-2738
-5977
-9230
-12168
-14110
-14800
-14202
-12544
-9898
-6792
-3891
-1071
1129
2505
2653
1693
-460
-3551
-7142
-10963
-14033
-16407
-17980
-18264
-17290
-15213
-12133
-8505
-4731
-1383
1671
4006
5339
5828
4743
2955
690
-1557
-3744
-5338
-6007
-6380
-5803
-4936
-3484
-1686
-11
1739
3657
4944
5350
4961
4075
2394
320
-2439
-5557
-8880
-11950
-14457
-15976
-16912
-16576
-15396
-13677
-11333
-8744
-6522
-4290
-2614
-1387
-1101
-1485
-2696
-3921
-5026
-5797
-6212
-5477
-4317
-2778
-796
1393
3008
4230
5031
5308
5179
4671
3705
2945
1895
482
-988
-1863
-2662
-2972
-2903
-2947
-2980
-2812
-2405
-1809
-1431
-1867
-2368
-3499
-4765
-6336
-8097
-9358
-10663
-11857
-12582
-12972
-12768
-11876
-10669
-9251
-7857
-6788
-5826
-4964
-4578
-4355
-5040
-6442
-8218
-10443
-12813
-14588
-15902
-16553
-16389
-15445
-14127
-12203
-9900
-7205
-4751
-2818
-1722
-1960
-3087
-4753
-6700
-9197
-11937
-14289
-16067
-16927
-16967
-15847
-13909
-11392
-8638
-5993
-3537
-1649
-518
-161
-802
-2392
-4808
-7758
-11009
-13399
-15328
-16482
-16656
-16214
-14696
-12591
-10089
-7475
-5182
-3085
-1632
-718
-834
-1349
-2505
-4070
-5825
-7629
-9451
-10995
-12223
-12545
-12317
-11660
-10204
-8358
-6264
-3934
-1999
-140
741
962
-20
-2161
-4755
-7765
-11098
-14041
-16597
-18161
-19049
-18843
-17844
-16350
-14364
-11818
-9373
-7064
-5688
-5150
-5886
-7406
-9443
-11807
-14209
-16367
-18380
-19572
-19897
-19340
-17945
-16087
-14022
-11649
-9681
-7758
-6589
-5762
-5612
-5969
-6745
-8254
-9582
-10750
-11549
-12023
-12170
-11781
-10883
-9676
-8185
-6625
-5320
-4259
-3364
-2583
-2355
-2402
-3180
-4321
-5899
-7416
-9072
-10300
-10912
-10932
-11021
-10811
-10264
-9774
-9164
-8443
-8162
-8371
-9222
-10437
-12494
-14543
-16446
-18507
-19979
-21254
-22076
-22394
-21934
-20441
-18498
-16095
-13632
-11441
-9630
-8247
-7700
-7467
-8343
-9539
-11558
-13748
-15335
-16396
-16302
-15175
-13770
-11731
-9646
-7380
-5230
-3344
-2042
-1550
-2228
-3763
-6295
-9182
-12446
-15920
-18945
-21137
-22878
-23358
-22900
-21712
-19774
-17537
-15206
-12809
-10887
-9234
-8135
-7511
-7650
-8342
-9352
-10606
-11699
-12775
-13283
-13624
-13421
-12499
-10933
-8809
-6980
-5135
-3712
-2619
-2118
-1947
-1977
-2781
-4056
-5738
-7910
-10277
-12423
-14086
-15083
-15918
-16165
-15925
-15131
-13852
-12014
-9984
-7940
-6024
-4728
-4417
-4989
-6164
-8326
-10962
-13958
-17066
-19401
-20837
-20876
-19888
-18195
-15800
-13272
-10903
-9141
-8072
-7932
-8802
-10371
-12665
-15751
-18580
-21064
-22926
-23953
-23602
-22295
-20099
-17332
-13969
-10420
-7072
-4130
-2037
-815
-757
-1581
-3095
-4958
-7095
-9317
-10964
-11871
-12000
-11185
-9346
-6851
-3967
-1357
1097
2518
3281
3257
1958
-419
-3494
-7131
-10755
-14241
-17029
-19184
-20101
-20054
-19027
-16995
-14407
-11340
-8637
-6490
-5549
-5575
-6547
-8155
-10215
-12760
-15290
-17494
-18807
-19453
-18761
-17389
-15198
-12142
-8969
-5596
-3159
-1388
-304
112
-369
-1720
-3892
-6550
-9227
-11823
-13893
-15181
-15483
-14917
-13440
-11416
-8855
-6092
-3433
-1391
233
659
-106
-1651
-3905
-6797
-9534
-12098
-14068
-15297
-15795
-15362
-14142
-12121
-9710
-7331
-5002
-3082
-1684
-1052
-1033
-2048
-3777
-6597
-9546
-12313
-14605
-16389
-17403
-17381
-16286
-14647
-12269
-9331
-6520
-3821
-1632
185
934
747
-24
-1731
-3490
-5517
-7488
-9282
-10404
-10891
-10241
-8894
-6639
-4051
-1677
518
2324
3672
4278
4012
2845
684
-2216
-5220
-7812
-10111
-11705
-12230
-11969
-10786
-8768
-6180
-3393
-1017
678
1701
1562
412
-1498
-3652
-5865
-8221
-10198
-11852
-12695
-12746
-11764
-9968
-7747
-5118
-2556
-267
1593
2784
3260
2921
1350
-1084
-3835
-7231
-10577
-13641
-16040
-17450
-17803
-16758
-14566
-11403
-7586
-3792
-657
1620
2819
3126
2194
231
-2462
-5335
-7958
-10429
-11857
-12692
-12295
-11061
-8922
-6392
-3376
-395
2231
4493
5615
6078
5640
4898
3794
2049
137
-1814
-3745
-5331
-6663
-7382
-7275
-6324
-4483
-2284
-74
2164
4219
5875
6758
6895
6455
5461
3882
1920
14
-1973
-3619
-5001
-5832
-5859
-4858
-3559
-1504
831
3248
5423
6651
7462
7431
6536
5058
3045
602
-1647
-3805
-5738
-7029
-7612
-7097
-5589
-3257
-552
2321
4914
6846
7954
7995
7183
5297
2970
250
-2304
-4156
-4974
-4429
-2775
-374
2845
6184
9398
12345
14516
15677
15460
14152
11621
8428
5135
1935
-937
-3260
-5067
-5710
-5456
-4647
-2906
-720
1482
3458
5167
6167
6332
5760
4568
2440
-356
-4035
-7139
-9709
-11807
-12995
-13366
-13082
-12145
-10529
-8176
-4928
-1151
2535
5440
7776
9003
9243
8624
7085
4973
2124
-701
-3129
-4571
-4523
-3475
-1637
969
4443
8076
12004
15558
18530
20275
20861
20274
18655
16184
13466
10825
8358
6358
4643
3810
3712
4921
6478
8348
10177
11853
13373
14491
15272
15261
14449
12876
10696
8131
5824
4130
2953
2680
2634
2899
3528
4164
5030
5723
6080
5967
5885
5369
5146
4782
4370
4534
4542
4758
5031
5373
6180
6899
7958
8886
9576
9934
10034
10100
9534
8851
7754
6165
4983
3903
3493
3552
4612
6049
8298
10556
12680
14461
15379
15616
15120
14030
12403
10326
8192
6328
4740
3628
2864
2883
3263
3742
4437
4961
5497
5860
6389
6704
6876
6919
6380
5385
3953
2057
-149
-2388
-4359
-5928
-7090
-7646
-7437
-6282
-4146
-2099
107
1770
3159
4213
4547
4193
3673
2532
1424
482
-422
-985
-778
182
1696
3453
5639
7654
9524
11054
12121
12594
12253
11618
10939
9912
9288
8667
8528
8676
9032
9907
10770
11573
12240
12479
12772
12902
12261
11577
10790
10274
9959
10374
10685
11397
12324
13144
13841
14303
15066
15998
16692
16904
16766
16270
15297
14034
12935
11155
9088
6980
5227
3777
3070
3043
3637
4674
5846
6771
7604
8188
8689
9180
8915
8437
7472
6252
4994
3870
3036
2407
2054
2264
3030
4216
5992
7880
9814
11688
13541
14711
15683
16322
16594
16229
15070
12983
10548
8171
6005
4144
2968
2335
1919
2304
3307
5006
7407
9401
11379
12441
12595
11715
10400
8746
6698
4726
2691
483
-760
-1215
-904
-59
1279
2686
4046
5518
7236
8307
9064
9357
8910
7719
5820
4085
2331
905
-257
-872
-675
-6
1365
3024
4827
6469
7872
8961
9475
9602
9386
8501
7698
6144
4807
3315
2707
3076
4077
5709
7938
10074
12121
14087
16079
17431
18112
17940
17332
15952
14195
12011
9793
7757
6227
5009
4780
5389
6434
8039
10075
11894
13333
14280
14384
13572
12188
10250
8048
6035
4054
2306
650
-1124
-2787
-4137
-4723
-4864
-4246
-2856
-1353
116
1332
2369
2640
2370
1600
575
-981
-3074
-4877
-5968
-6533
-6427
-5519
-4349
-3100
-1662
-175
1049
2280
3531
4443
4801
4625
3637
2605
1335
464
-99
-468
-547
-232
359
1659
3107
4203
5049
5488
5523
4954
3725
2190
401
-1467
-3067
-4708
-5611
-5624
-4994
-3392
-1739
263
2168
4299
5736
6774
7071
6107
4937
3047
1164
-691
-2678
-4148
-5241
-5513
-5417
-4380
-3029
-1108
727
2695
4487
5938
6743
6670
5666
4102
1824
-302
-2320
-4063
-5499
-6650
-6986
-6733
-5675
-3890
-1756
1019
3475
5705
7704
9243
10248
10788
10370
8569
5935
2940
207
-1774
-3040
-3964
-4256
-3926
-3118
-1633
-32
1736
3109
4236
4380
3689
2160
168
-2089
-4677
-7536
-10081
-12300
-13338
-13817
-13375
-12275
-10750
-8819
-6746
-4992
-3566
-3075
-2895
-3293
-4003
-4986
-6122
-7076
-7560
-7479
-6707
-5723
-4367
-2898
-1250
-162
681
906
463
-323
-1415
-2713
-3937
-4777
-5351
-5383
-5423
-5048
-4199
-3031
-1879
-712
525
1191
1456
1463
1234
532
-417
-1618
-2615
-3636
-4381
-4812
-4854
-4411
-3490
-2592
-1639
-362
717
1599
2283
2259
2311
2071
1640
1039
-309
-2114
-4312
-6450
-8156
-9332
-10276
-10562
-10198
-8679
-6447
-4261
-1496
978
2994
4235
4821
4613
3620
2240
502
-1583
-4218
-6536
-8377
-9677
-10123
-9446
-8056
-6212
-3912
-1689
609
2545
3896
4474
3896
2288
-35
-2842
-5653
-8361
-10463
-11897
-12895
-13112
-12524
-11363
-9743
-7618
-5357
-3661
-2477
-2061
-2169
-2897
-4108
-5594
-7182
-8955
-10035
-10789
-11154
-10962
-9710
-8042
-5899
-3631
-1612
-347
452
456
-115
-1158
-2502
-4182
-5812
-7398
-8521
-8891
-8680
-8221
-6894
-5637
-4318
-3069
-1783
-996
-641
-824
-1197
-2077
-3511
-4916
-6149
-7347
-8212
-8747
-8664
-8044
-6859
-5201
-3206
-1384
288
1503
2403
2810
2491
1599
332
-1232
-2919
-4653
-5859
-6789
-7189
-7068
-6281
-5101
-3443
-1969
58
1514
2482
2749
2188
1056
-584
-2305
-4613
-6943
-9338
-11294
-12282
-12452
-11400
-9633
-7269
-5184
-3019
-1144
-67
174
-527
-2135
-4542
-7335
-9962
-12187
-13381
-13994
-14055
-13577
-12322
-10623
-8273
-5573
-2780
-286
1633
2481
2419
1275
-166
-2036
-4122
-6397
-8622
-10244
-10835
-10446
-8867
-6332
-3688
-1331
1102
2996
4052
4481
3804
2384
191
-2537
-5492
-8126
-10059
-11203
-11670
-11286
-10342
-8808
-6770
-4460
-1866
711
2833
4516
5172
4708
3383
1174
-1210
-4067
-6778
-9066
-10677
-10972
-10456
-9621
-8224
-6468
-4729
-3233
-1585
-435
453
1017
871
-105
-1397
-3416
-5344
-7134
-8741
-10088
-10693
-10890
-10269
-9213
-7755
-5929
-3828
-1768
-61
1086
1795
1676
752
-330
-1713
-3124
-4042
-4961
-5568
-5843
-5725
-5245
-4680
-3840
-3058
-2524
-1915
-1720
-2175
-2712
-3514
-4567
-5561
-6781
-7282
-7529
-7087
-6084
-4808
-3660
-2379
-1018
295
1320
2490
3368
3951
4245
4143
3624
2566
1273
480
-599
-1541
-1635
-1360
-258
1252
3059
4959
6857
8339
9089
8873
7999
6335
4345
1929
-686
-3227
-5525
-7074
-7973
-7824
-6977
-5672
-3883
-1599
567
2189
3479
4673
5518
5906
5574
4431
2945
702
-1340
-3646
-5837
-7454
-8971
-9200
-8108
-6328
-3479
-204
3128
5778
7780
8585
8444
7154
5310
2782
-199
-3212
-6048
-8029
-9003
-8859
-8120
-6911
-5004
-2911
-745
1134
2684
3428
3294
2244
532
-1348
-3486
-5387
-6954
-8442
-9455
-9539
-8772
-7333
-5648
-4148
-3399
-2472
-2092
-1891
-2065
-2580
-3008
-3679
-4557
-5337
-6163
-6792
-6535
-5684
-4768
-3698
-2633
-1224
66
1415
2317
2695
2625
2082
983
-259
-1716
-3487
-4987
-6133
-6688
-6276
-5010
-3168
-967
1287
3366
4798
5589
5846
5659
4960
3465
1583
-748
-3356
-5902
-7828
-8638
-8698
-7684
-5824
-3726
-1198
1397
3966
6007
7126
7327
6602
5197
3497
1456
-628
-2680
-4684
-5788
-6400
-6093
-5100
-3600
-1894
76
1846
3488
4816
5310
5314
4623
3396
1925
55
-1753
-3353
-4935
-5969
-6321
-6044
-5166
-3897
-1977
322
2409
4179
5071
5115
4438
3025
1167
-1129
-3122
-4899
-6106
-6165
-5703
-4329
-2468
-285
1851
3781
5004
5287
4897
4113
2924
1116
-861
-2857
-4290
-4812
-5045
-4264
-3208
-1139
1280
3690
6087
7866
8958
9083
8653
7205
5043
2819
564
-1321
-2944
-4081
-4746
-4942
-4337
-3001
-1128
1038
3199
5182
6658
7323
6864
5689
3883
1935
-265
-2528
-4414
-5449
-6129
-5818
-4740
-3535
-1757
583
2815
5308
7551
9119
10232
10540
10122
8846
7303
5754
4399
3409
2174
1508
1161
1402
2194
3298
4656
5700
6693
7562
8061
8219
7621
6600
5089
3616
1828
179
-640
-1156
-1724
-1996
-1832
-1318
-231
1236
2693
3762
4087
4259
4064
3562
2430
1180
-44
-1219
-1869
-2027
-1568
-367
661
1617
2683
3265
3827
4512
5257
5743
5532
4548
3107
1574
278
-872
-1736
-1938
-1850
-1577
-924
215
1829
3799
5598
7116
7822
7647
7627
7555
6815
6129
4912
3549
2302
881
175
295
869
1798
3236
4895
6425
7847
8931
9800
9861
9122
7978
6148
4444
2571
871
-331
-1541
-2113
-2411
-2036
-1192
512
1926
3089
3988
4245
4176
4146
3755
2620
1553
-132
-1563
-2826
-3771
-4291
-4427
-4363
-3685
-2840
-1742
-525
663
1985
2491
2697
2265
1375
144
-1167
-2504
-3745
-4539
-4799
-4679
-3805
-2805
-1485
-17
1827
3674
5238
6747
7472
7958
7799
7184
6064
4584
3215
1714
529
-424
-1091
-1037
-748
-87
1003
2446
4036
5636
7081
7765
7776
7229
5855
3909
2149
678
-669
-1468
-1675
-1983
-951
209
2240
4400
6342
7659
8163
8480
8038
7230
5942
4409
2394
248
-1501
-3038
-3947
-4398
-4584
-4137
-3500
-2267
-816
766
2210
3404
4374
5358
5926
6006
5592
4718
3387
2170
761
-355
-684
-483
371
1807
3721
5896
8050
9903
10994
11180
10219
8494
6432
3955
1529
-1037
-2968
-3844
-4008
-3201
-1951
-407
1404
2975
4066
4451
4343
3478
2273
745
-1136
-3023
-4616
-5714
-6077
-5524
-4471
-3086
-1500
289
2145
3993
5724
7384
8481
8926
8473
7335
6032
4369
2551
862
-555
-1682
-2369
-2422
-1664
-456
725
2062
3264
4136
4835
5477
5792
5222
3938
2062
-200
-2381
-4293
-5642
-6632
-7208
-7057
-6288
-4740
-2600
-829
1142
2757
4101
4608
4751
4316
3329
2018
507
-944
-2372
-3433
-4155
-4148
-3769
-2751
-2004
-784
270
994
1264
1235
1014
726
315
-63
-692
-1384
-1848
-2146
-2298
-2388
-2373
-2382
-2066
-1925
-1413
-1041
-244
606
1567
2378
2849
3147
2797
2230
1367
270
-561
-1302
-1609
-1392
-748
-56
497
1007
1096
1008
25
-1058
-2367
-3234
-4162
-4844
-4901
-4549
-3838
-2849
-1475
8
1198
2118
2444
2082
1213
-260
-1822
-3316
-4863
-6280
-7517
-8420
-8738
-8978
-8665
-7544
-6271
-4451
-2705
-1218
383
1445
1928
1781
1090
-200
-1854
-3875
-5897
-7948
-9606
-10647
-10797
-10044
-8774
-6733
-4358
-2077
250
1879
2988
3612
3716
3307
2349
1091
-450
-1772
-2633
-3258
-2730
-1854
-567
953
2307
3731
5104
6494
7927
8909
9451
8985
8239
6517
4757
3052
1446
321
-317
-437
-67
718
1909
3351
4456
5102
4940
4411
3198
1818
102
-1724
-4004
-6176
-8263
-9759
-10545
-10281
-9128
-7439
-5365
-3341
-1422
163
1002
896
107
-1605
-3656
-5712
-7778
-9639
-11060
-11829
-11701
-10490
-8380
-5385
-2018
1514
4561
6730
8056
8357
7748
6154
3769
1069
-1985
-5089
-7646
-9231
-10269
-10178
-9526
-8216
-6153
-4518
-2912
-1730
-1071
-1161
-2158
-4144
-6651
-9199
-11577
-13490
-15054
-16286
-16822
-16346
-15264
-13939
-11776
-9426
-7225
-5218
-3278
-1882
-779
-412
-679
-1457
-2328
-3163
-3746
-4403
-5378
-6214
-7161
-7493
-7309
-6749
-5839
-4803
-3494
-2252
-1208
-104
691
1402
1361
911
41
-934
-1618
-2204
-2237
-1674
-976
-384
710
2125
3190
3916
3967
3668
3085
2084
807
-729
-2762
-4421
-5815
-6605
-7010
-6486
-5665
-4907
-3795
-2721
-1570
-1004
-774
-1376
-2378
-3821
-5749
-7332
-9111
-10236
-11076
-12062
-12548
-12098
-10519
-7782
-4837
-1406
1729
4688
7010
8602
9431
9442
8563
6589
3681
189
-3152
-6149
-8319
-9801
-10379
-10149
-8884
-6835
-3913
-349
3287
6367
8593
9490
8854
7391
4779
1697
-2075
-6233
-10218
-13900
-16407
-17291
-17374
-16199
-14054
-10927
-7343
-3665
228
3362
5471
5950
5272
3617
923
-2064
-5422
-8777
-11583
-13740
-14940
-14782
-13232
-10875
-7735
-4720
-1995
638
2394
3354
3244
2232
507
-1852
-4835
-7679
-9981
-11388
-12005
-11675
-10330
-8651
-6934
-4972
-3039
-1495
-768
-285
-624
-1638
-3217
-4892
-6695
-8132
-8778
-8900
-8465
-7305
-5496
-3918
-2605
-1456
-1074
-701
-732
-764
-872
-1226
-1812
-2711
-3457
-4225
-4786
-5212
-5501
-5056
-4356
-3051
-1243
722
2705
4401
5439
5644
4666
2834
233
-2576
-5853
-9038
-11714
-13621
-14651
-14217
-12576
-10180
-7231
-3775
-568
1867
3216
3609
2641
611
-2243
-5426
-8503
-11377
-13418
-14715
-15000
-14295
-12323
-9868
-7120
-4016
-1603
340
1517
1535
859
-635
-2766
-4848
-7368
-9477
-11118
-11901
-11637
-10412
-8758
-6697
-4547
-2318
-340
1566
2467
2466
1582
-190
-2244
-4446
-6629
-8736
-10430
-11868
-12608
-12547
-11819
-10286
-8626
-6853
-5124
-3626
-2640
-2331
-2536
-3503
-5171
-7410
-9844
-11716
-12877
-13563
-13322
-12991
-12045
-10584
-9266
-7541
-5880
-4270
-2941
-1902
-1310
-1164
-1235
-1520
-1853
-2325
-2951
-3489
-3607
-3478
-2757
-1892
-563
1056
2813
4588
5968
7055
7923
8175
7890
7228
6016
4674
3463
2562
2150
2360
3075
4318
5661
7012
7647
8345
8632
8944
8825
8217
6959
5428
3750
1922
251
-1059
-2026
-2188
-2205
-1602
-706
485
1725
2766
3736
4370
4542
4478
3894
2661
1143
-849
-3219
-5231
-6819
-7676
-8346
-8522
-8070
-7160
-5947
-4747
-3341
-2249
-1527
-1332
-1892
-3040
-4420
-5693
-7200
-8712
-9984
-11219
-12144
-12204
-11587
-10188
-8617
-7332
-6039
-5163
-4549
-4349
-4366
-4827
-5534
-6934
-8812
-10566
-12152
-12935
-13286
-12988
-12300
-11234
-9476
-7031
-4825
-2303
-376
613
1101
921
344
-491
-1264
-2101
-2788
-3245
-3617
-3380
-3107
-2547
-1067
393
2288
4214
6061
7339
7832
7792
6973
5862
4502
3293
2525
2050
2359
2949
3965
5316
6837
8214
9292
10035
10143
9391
7979
6352
4529
3092
1706
742
228
59
339
984
2063
3578
5004
6179
6837
6736
6442
5467
3973
2314
510
-1320
-2874
-4042
-4733
-4999
-4839
-4394
-3433
-2179
-808
551
2157
4145
5719
7130
7570
7639
7051
5623
3935
1880
-437
-2553
-4014
-4621
-4894
-4344
-3620
-2457
-944
716
2187
3352
4181
4480
4149
3092
1222
-693
-2500
-4179
-5540
-6417
-6909
-6777
-5935
-4703
-3215
-1295
528
2535
4069
5040
5251
4859
4357
3608
2800
2044
1235
683
75
48
704
1548
2775
4147
5547
6833
8030
8702
9295
9534
9499
8805
7687
6447
5009
3929
2965
2374
2035
2146
2408
3019
3896
4872
5501
5888
5685
5043
4225
3740
3162
2874
2453
2842
3528
4253
5405
6300
7243
7971
8335
8624
8606
8344
8219
7691
7275
6994
6693
6503
6736
7033
7633
8318
9059
9623
9985
10190
10478
10490
10148
10016
9903
9411
8595
7648
6456
5279
4329
3806
2978
2750
2793
3602
4720
6194
8031
9827
11207
12197
12715
12415
11388
9927
7967
5685
3143
657
-1188
-2434
-2255
-928
775
3181
5205
7510
9576
11052
11710
11924
11275
9456
7122
4569
2229
156
-1167
-1603
-1295
-366
1407
3762
6282
8930
11544
13644
15394
16559
16879
16709
15815
14111
11734
8911
6034
3567
1643
432
-258
-416
237
1782
3521
5580
7606
9588
10621
10970
10538
9433
7518
5314
3430
1393
-272
-1468
-1561
-1062
448
2760
5507
8191
10488
12456
13678
14480
14251
13426
12211
10556
8689
7685
7388
7762
8620
9905
11382
12578
13642
14325
14184
13770
12728
11255
9749
8158
6952
5949
5605
5834
6429
7261
8324
9333
10394
11281
11506
11147
10168
8742
6814
5148
3075
1858
1083
850
1584
2582
4159
6054
8741
11376
13833
15817
17479
18691
18957
18856
18023
16650
14942
13050
11343
9727
8700
8320
8286
9034
9793
11019
12405
13677
14982
16054
16579
16734
15878
14679
12591
10362
7909
5620
3589
1782
978
622
692
1660
2812
3965
4995
5877
6668
7022
6889
6201
4732
2992
1193
-610
-2342
-3693
-4694
-5082
-4671
-4018
-3380
-2746
-2218
-1779
-1535
-897
-284
450
1154
1982
2373
2554
2545
2242
2175
2415
3059
3516
3890
4505
5264
5994
7145
8234
9281
9887
10304
10590
10681
10604
10547
10240
9550
8734
7954
7748
8089
8503
9161
9832
10277
11018
11370
11777
11689
11186
10268
8719
7165
5999
5073
5074
5510
6315
7480
9252
11444
13840
16064
17738
18647
18508
17710
16251
14397
12409
10435
8627
7347
6720
6898
7921
9559
11823
13644
15012
15632
15729
15108
14145
12353
10515
8605
6552
4679
3138
1961
1253
961
1269
2197
3705
5827
7682
9354
10375
10386
9754
8317
6608
4700
3192
1732
678
-154
-789
-1046
-820
-621
-94
553
1330
2154
2674
3101
3309
2729
2210
1319
35
-1273
-2620
-3933
-5055
-5845
-6248
-6123
-5762
-5013
-3915
-2791
-1291
-222
394
315
197
-116
-450
-969
-1777
-2737
-3556
-4277
-4661
-4482
-4230
-3267
-1995
-79
1498
3437
5217
6326
7478
7892
7752
7064
6079
4990
4222
3673
3311
3504
3934
4674
6009
7721
9888
11961
13779
14913
15636
15457
15082
14037
12732
10792
8339
5913
4080
2369
1460
1000
945
1395
2026
2985
3935
4627
4860
4407
3556
2215
491
-1715
-3663
-5645
-7046
-7541
-7702
-7370
-6372
-4952
-3471
-2304
-1555
-1033
-626
-545
-848
-1246
-2050
-3484
-4662
-5961
-6713
-7300
-7410
-7114
-6679
-6335
-5527
-4614
-3576
-2931
-2527
-2305
-2246
-2466
-2785
-3109
-3329
-3678
-3904
-4071
-4105
-3925
-3140
-1923
-594
417
1043
1145
901
163
-778
-1872
-3374
-4843
-6466
-8122
-9329
-10051
-10587
-10885
-11012
-10881
-10307
-9271
-7979
-6759
-5940
-5702
-5713
-6104
-6653
-7972
-9778
-11456
-13318
-14738
-15346
-15182
-14050
-11881
-9302
-6481
-3775
-1413
874
2295
2872
2713
1826
516
-1044
-2582
-3960
-5358
-6314
-7368
-7647
-7353
-6592
-5420
-4115
-2956
-1554
-742
62
711
884
663
-279
-1862
-3944
-6129
-7823
-9121
-9788
-10364
-10907
-10830
-10257
-9447
-8407
-7414
-6346
-5922
-5577
-5957
-6921
-8195
-9536
-11145
-12743
-14122
-14925
-15279
-15016
-13916
-12541
-10593
-8837
-7144
-5906
-5108
-5049
-5681
-6423
-7271
-8109
-8660
-9136
-8965
-8305
-7248
-6353
-5528
-4860
-4622
-4513
-4528
-5053
-6510
-7944
-9612
-11235
-12304
-12794
-12971
-12226
-11325
-10251
-9173
-7960
-6472
-5557
-5044
-5203
-6042
-7322
-8947
-10571
-12211
-13516
-14340
-14204
-13529
-11919
-9773
-7477
-5398
-3346
-1685
-884
-936
-1533
-2643
-3936
-5339
-6872
-8330
-9492
-10429
-11508
-12530
-13239
-13644
-13308
-12765
-11433
-9987
-8136
-6438
-5310
-4527
-4477
-5053
-5722
-7169
-8609
-10492
-12284
-13902
-15307
-16286
-16205
-15358
-14035
-12221
-10253
-8198
-6176
-4996
-4234
-4475
-5612
-7154
-9294
-11611
-13566
-15384
-16471
-17145
-17025
-16205
-14657
-12594
-10209
-7967
-6097
-4455
-3327
-2999
-2947
-3558
-4745
-6488
-8801
-11002
-12630
-13302
-13264
-12556
-11356
-9922
-8383
-7124
-5919
-5303
-5240
-5503
-6183
-7400
-8734
-9813
-11009
-12003
-12759
-13500
-14049
-14527
-14664
-14454
-14108
-13824
-13580
-13222
-12424
-11338
-10593
-9673
-9096
-8768
-8683
-9301
-9965
-10674
-11363
-11586
-11373
-10587
-9550
-8175
-6409
-4588
-3331
-2358
-2109
-2712
-3323
-5023
-6677
-8779
-11327
-13697
-15413
-16239
-16446
-15453
-13879
-11977
-9852
-7921
-6275
-5104
-4501
-4649
-5827
-8279
-11446
-14792
-18099
-20677
-22580
-23739
-23770
-22641
-20576
-17815
-14375
-10940
-7875
-5599
-4094
-3284
-3039
-3603
-5105
-7301
-10133
-13141
-15863
-17446
-18427
-18229
-17128
-15348
-13038
-10710
-8142
-5783
-3651
-2256
-1514
-1377
-1916
-2832
-3760
-4591
-5564
-6402
-7481
-8292
-8658
-8640
-8060
-7507
-6890
-6197
-5897
-5753
-5627
-5611
-5980
-6539
-7459
-8739
-10222
-11755
-13253
-14585
-15651
-16301
-16121
-15631
-14940
-13840
-12576
-11163
-10215
-9679
-9515
-9812
-10312
-10958
-11945
-12582
-12724
-12492
-11823
-10913
-9524
-7628
-5184
-3006
-1118
7
305
77
-684
-1991
-4044
-6648
-9366
-11982
-13610
-14335
-13890
-12843
-11198
-9324
-7814
-6240
-4758
-3549
-3329
-3826
-5240
-7714
-10344
-12811
-14547
-16170
-17275
-17934
-17884
-17210
-15386
-12920
-9999
-7096
-4209
-1817
-52
1029
971
191
-1135
-3359
-5830
-8220
-10542
-12173
-12993
-13419
-13116
-12400
-11281
-9229
-6782
-3805
-817
1527
3116
3408
3057
2153
384
-1899
-4613
-7414
-9632
-11169
-11475
-10446
-8931
-6497
-4270
-2012
67
1552
1923
1488
296
-1331
-3234
-4932
-6598
-7741
-8165
-8200
-7530
-6439
-4931
-3267
-1722
-388
559
998
987
337
-441
-1863
-3668
-5591
-7648
-9447
-10422
-10728
-10353
-9462
-8075
-6344
-4537
-2183
-141
1387
2382
2211
1052
-992
-3179
-5648
-7776
-9629
-10912
-11685
-11859
-11305
-9984
-8122
-6172
-4428
-2391
-851
457
751
719
-138
-2034
-4411
-7542
-10726
-13237
-15281
-16289
-16517
-15900
-14304
-11997
-9395
-6631
-4195
-2092
-833
-457
-809
-2000
-3738
-5827
-7674
-9529
-10927
-11598
-11432
-10515
-8469
-6084
-3249
-266
2778
5191
6898
7816
7628
6532
4684
1944
-988
-3317
-5139
-5933
-5763
-4327
-2314
507
3970
7245
9682
11519
12419
12036
11107
9591
7121
4365
1924
-65
-1397
-2160
-1817
-869
769
2388
4402
6367
7616
8659
8782
8221
6988
5170
3043
417
-1742
-3543
-4737
-5062
-4897
-3447
-1551
1199
3582
6104
8145
9284
9591
9040
7856
6000
3760
1498
-636
-2519
-4057
-4890
-5158
-4645
-3220
-1240
1150
3462
5729
7524
8738
9116
8583
7250
5132
2657
245
-2118
-3923
-5264
-5456
-4872
-3845
-2198
-319
1607
3413
4982
6019
6149
5446
4711
3616
2956
2001
810
-401
-1342
-2092
-2338
-1725
-1006
293
1698
2794
3957
4990
6102
6953
7544
7881
7646
7254
7061
6673
6842
7233
7834
8572
9936
11103
12572
13817
14686
15289
15340
15247
14622
13759
12544
11322
10206
9035
8438
8529
9169
9908
10845
11697
12783
13645
14121
14022
13504
12378
10829
8472
5818
3421
1308
-101
-906
-1009
-491
716
2555
4816
7329
9509
10958
11565
11887
11533
10773
9775
8476
6908
5487
3847
2572
1951
1857
2222
3290
4577
6164
7890
9748
11660
13191
14259
14410
13493
12084
9720
7066
4289
1726
-330
-1974
-2923
-3325
-3046
-1829
13
2627
5287
8057
10486
12597
14370
15212
15386
14578
13118
10645
8131
5770
3737
2421
1904
2170
3090
4627
6861
9380
11954
14165
15762
16821
17467
17552
17106
16229
15244
14103
12926
11929
11062
10350
10065
10087
10380
10827
11429
12551
13649
14747
15369
15572
15301
14801
13571
12256
10716
9492
8391
7649
7114
7291
7667
8388
9268
9876
10201
10056
9254
7902
6245
4338
3024
1960
1347
1780
3110
5301
8000
10721
13625
15871
17109
17667
16800
14758
12384
9549
6713
4153
2216
1245
1138
1978
3534
5850
8400
11021
13565
15561
16425
16508
15420
13482
10870
8121
5448
2840
599
-952
-1681
-1817
-926
718
2693
4520
6624
8208
9554
10352
10627
10277
9591
8563
7377
5921
4057
2939
2127
1908
1270
1215
1773
3026
4867
6887
9009
10841
12192
13139
13495
13125
12098
10481
8378
6107
4287
3288
3187
4085
5692
7412
9009
10029
10967
11625
11628
11217
10120
8497
6724
4887
2908
1067
-428
-1377
-1965
-1807
-1420
-86
1600
3235
4645
5354
5330
4942
3908
2657
1090
-691
-2872
-4688
-5729
-5881
-5022
-3441
-1186
1242
4018
6710
9157
11162
11955
12061
11272
9808
7997
5941
3884
2211
229
-1073
-1836
-1977
-1322
-246
1408
3090
4672
6022
6980
7094
6688
5368
3627
1229
-956
-2915
-4868
-6020
-6709
-6747
-6080
-5144
-4064
-2541
-971
562
2101
3422
4231
4264
4058
3677
3106
2790
2150
1217
363
-454
-549
-200
206
741
1466
2028
2818
3133
3159
3150
2979
2625
1384
-58
-1585
-2989
-4183
-5128
-5875
-6338
-6384
-6191
-5457
-4829
-3937
-3343
-3201
-3487
-4502
-5957
-7944
-9974
-11781
-13378
-14722
-15149
-14894
-13819
-12321
-10161
-7676
-5355
-3413
-2191
-1763
-2051
-2884
-4310
-6080
-7971
-9745
-11278
-12363
-12532
-11944
-10855
-9097
-6952
-4243
-1381
1190
3222
4642
5030
4733
3734
2190
452
-1343
-3045
-4815
-6103
-6827
-7242
-6868
-5746
-4260
-2764
-1504
-438
416
638
226
-943
-3034
-5532
-7881
-9993
-11572
-13035
-14061
-14317
-14155
-13172
-11643
-9390
-6661
-3924
-1720
-317
104
-588
-1507
-3107
-4617
-6560
-8342
-9244
-9694
-8892
-7350
-5276
-3168
-1295
315
1869
2841
3248
2863
1933
-189
-2550
-5111
-7048
-8734
-9873
-10229
-10103
-9781
-8792
-7634
-6558
-5375
-4875
-5483
-6820
-9024
-11421
-14252
-17226
-19633
-22098
-24213
-25800
-26504
-25739
-24350
-22176
-19649
-17811
-15545
-13552
-12088
-11164
-11133
-11618
-12959
-14853
-16858
-18918
-20651
-21447
-21189
-19892
-17516
-14201
-10449
-6552
-3363
-741
1110
2504
3252
3180
2182
226
-2614
-5881
-8730
-11452
-13533
-14903
-15419
-14952
-13998
-12288
-10297
-8007
-6085
-4892
-4354
-4548
-5606
-6915
-8883
-10874
-13138
-15189
-16665
-17699
-18250
-18325
-17690
-16495
-14987
-13100
-11143
-9142
-7390
-5831
-4903
-4515
-5251
-6621
-8616
-11109
-13715
-15903
-17543
-18137
-17951
-17051
-15799
-13895
-11716
-9237
-7186
-5883
-5359
-5232
-6025
-7348
-8749
-10253
-11843
-12864
-13529
-14034
-14205
-14007
-13233
-12118
-10680
-9436
-8126
-7161
-6609
-6496
-6961
-7865
-9598
-11526
-13563
-15462
-17030
-18305
-18478
-18135
-17158
-15687
-13955
-11912
-10170
-8957
-8388
-8903
-9869
-11001
-12490
-13718
-14986
-15870
-15766
-15220
-14284
-13036
-11625
-10190
-9037
-8037
-7463
-6993
-6662
-6833
-7613
-9211
-11309
-13727
-15658
-17314
-18402
-18520
-18330
-17559
-16215
-14402
-12051
-10073
-8223
-7378
-7803
-8975
-10487
-12626
-14764
-16811
-18758
-20424
-21466
-21497
-20187
-17905
-15360
-12702
-10429
-8022
-5884
-3872
-2084
-1138
-1329
-2568
-4502
-6734
-8895
-11017
-12986
-14156
-14764
-14827
-13669
-11493
-8605
-5582
-2504
-650
353
285
-681
-2482
-4939
-7974
-11308
-14399
-17270
-19358
-20668
-21159
-20367
-18826
-16915
-14694
-12730
-10578
-8896
-7985
-8030
-8897
-10654
-12927
-15607
-18602
-20960
-22840
-23832
-23604
-22228
-19771
-16479
-12507
-8891
-5701
-3208
-1568
-827
-995
-2155
-4042
-5900
-7303
-7931
-7963
-7171
-6106
-4791
-3250
-1586
-3
1384
2449
2902
2532
1549
192
-1325
-2880
-4395
-5920
-7034
-7987
-8498
-8610
-8489
-8181
-7869
-7520
-7503
-7408
-7454
-7505
-7874
-8302
-9052
-9846
-10493
-11035
-11389
-11669
-11931
-12238
-12340
-12394
-11850
-11021
-9726
-8304
-6886
-5794
-5035
-4657
-4853
-5318
-6096
-7186
-8304
-9471
-10510
-11256
-11410
-11123
-10424
-9040
-7330
-5182
-3025
-1169
294
565
474
-601
-2536
-4844
-7435
-9508
-11399
-12139
-12171
-11187
-9455
-6584
-3329
-303
1856
3098
2956
1827
-477
-3081
-5872
-9073
-11339
-12928
-13659
-13630
-12744
-10964
-8867
-6445
-4152
-2773
-1744
-1320
-1476
-1886
-2726
-3995
-5428
-6754
-7776
-8159
-8178
-7363
-6590
-5310
-4073
-2820
-1148
785
2609
4064
4936
5088
4589
3907
2447
870
-415
-1577
-2372
-2831
-3036
-2207
-1224
233
1658
2966
4200
5386
6419
7367
7482
6867
5747
4212
2018
-270
-2262
-3757
-4979
-5353
-5098
-3940
-1590
1328
4467
7351
9441
10156
9681
8212
5900
3131
-231
-3258
-5975
-7562
-7783
-6916
-4976
-2536
444
3154
5237
6496
7113
6623
5097
2948
-68
-2951
-5694
-7792
-9195
-9835
-9719
-9230
-8138
-6024
-3629
-1086
1451
3441
4888
5586
5913
5950
5623
5205
4433
3522
3233
3273
3683
4398
5195
5611
6156
6818
7770
8950
10000
10830
11132
11240
10898
10228
9259
8191
6714
5098
2894
1318
339
69
662
1837
3240
4680
6058
7288
8208
8385
7535
6068
3788
1483
-963
-3057
-4306
-4746
-4622
-3929
-2352
-4
2570
5717
8692
11411
13195
13842
13701
12682
11163
8955
6027
3368
975
-964
-1623
-1443
116
2323
5401
9099
12470
15345
17195
18048
17622
16101
13881
10951
7563
4526
1904
247
-432
108
1257
2663
4315
5827
7700
9835
11319
12605
13001
12778
11525
9733
7518
5389
3093
1161
-414
-1194
-1320
-334
1320
3353
5242
6428
7659
8053
8191
7870
7375
6309
5149
3778
2564
1764
1132
991
903
1286
1754
2877
4665
6194
7551
8509
8939
9242
8918
8518
7908
7294
6490
5628
4673
4312
4648
5924
7483
9206
11129
13072
14672
16013
16657
16197
14812
12982
10613
8371
6247
4426
3266
2726
2559
2470
2883
4010
5779
7758
9203
10178
10485
10638
10271
9557
7876
6134
3888
1640
-224
-1147
-1219
-296
1119
2925
4721
6835
8899
10491
11799
12358
12156
11630
10276
9068
7968
6899
6181
5767
5592
6010
6888
7868
9298
10979
12144
13230
13876
14329
14693
14600
14079
13069
11754
10340
9286
8628
8435
8858
9504
10820
12309
13732
15042
15907
16080
15712
14610
12694
10869
9021
7557
6393
5299
4287
3513
3289
3306
3581
3749
3929
4054
4407
4811
4845
5148
4746
3966
2920
1653
589
-183
-374
-242
327
1273
2352
3660
5140
6358
7378
7847
8063
7909
7443
6573
5777
4621
3788
2790
2377
1997
1907
2233
3036
4117
5571
7359
8949
10439
11575
12192
12457
12199
11039
9304
7361
5318
3863
2620
2010
1871
2361
3047
4018
5331
6337
7182
7237
6905
6038
4561
2657
376
-1577
-3309
-4349
-4786
-4451
-3547
-1897
134
2553
4676
6039
6900
6803
5968
4946
3597
2039
184
-1378
-2620
-3181
-3519
-2911
-1599
175
2228
4067
5890
7446
8747
9481
9471
9157
8127
6651
5222
3770
2151
776
-313
-1151
-1415
-1128
-130
1245
2821
4556
6027
7316
8244
8745
8926
8219
6967
5421
3218
1463
-98
-1628
-2503
-2872
-2747
-1936
-318
1742
3358
4828
5595
5416
4758
3823
2484
1082
-494
-2066
-3566
-4373
-4692
-4237
-3496
-2578
-1614
-552
409
1306
1706
1986
1615
792
-588
-1922
-2957
-3612
-4112
-4603
-5156
-5376
-5154
-4356
-3232
-1840
-250
1109
1799
1591
827
-71
-1661
-3403
-5128
-7142
-8700
-9222
-8951
-8150
-6878
-5367
-4117
-2754
-1198
70
1113
1903
1874
866
-959
-2880
-4978
-6824
-8113
-9229
-9562
-8837
-7707
-5697
-3298
-692
1476
3015
4136
4416
4146
3094
1442
-855
-3460
-5809
-8176
-9977
-11173
-11555
-11430
-10875
-10032
-8714
-7176
-5615
-4383
-3437
-3046
-2721
-3008
-3303
-3847
-4792
-5925
-7346
-8480
-9522
-10217
-10456
-10602
-10405
-9692
-8640
-7395
-5807
-4459
-3191
-2389
-2037
-2153
-2767
-3877
-4898
-5919
-7020
-8167
-8977
-9858
-10492
-10857
-11225
-11404
-11602
-11766
-11803
-12001
-11905
-12157
-11782
-11478
-11425
-11716
-11911
-11910
-11766
-11684
-11459
-11047
-10795
-10351
-10161
-10448
-11211
-12026
-12844
-13468
-13905
-13886
-13420
-12764
-11372
-10081
-8807
-7660
-6666
-6205
-6020
-6180
-6706
-7695
-8744
-10248
-11595
-12759
-13214
-13386
-13529
-13115
-12786
-12617
-12613
-12112
-11232
-10508
-9565
-9099
-9184
-9761
-10454
-11108
-12089
-13359
-14927
-16605
-18055
-19034
-19651
-19964
-19736
-19295
-18323
-17003
-15242
-13360
-11114
-8879
-7007
-5611
-4986
-4800
-5430
-6518
-8133
-10105
-12208
-13888
-15060
-15201
-14813
-13548
-11977
-9991
-7524
-5883
-4030
-2751
-2528
-3243
-5105
-7730
-10424
-12971
-15308
-17575
-19371
-20794
-21278
-20830
-19633
-17745
-16008
-14459
-13231
-12388
-11776
-11639
-11907
-12461
-13682
-15088
-16461
-17539
-17682
-17506
-17319
-16961
-16656
-15881
-15230
-14584
-13854
-13461
-12963
-13087
-13653
-14278
-15054
-15418
-15552
-15840
-15817
-15534
-14835
-13733
-12427
-11129
-10031
-9340
-8729
-8508
-8119
-8047
-8199
-8787
-9636
-10639
-11871
-12905
-13323
-13584
-13514
-13688
-13621
-13409
-12884
-12244
-11746
-11637
-12312
-13467
-14788
-16202
-17846
-19665
-21503
-22757
-23934
-24679
-24342
-23064
-21053
-18640
-16477
-14621
-13385
-12779
-12593
-13003
-14223
-15964
-17777
-19372
-20578
-21164
-21155
-20592
-19025
-16501
-13219
-9685
-6678
-4166
-2329
-1453
-1464
-2516
-4378
-7146
-10338
-13449
-16210
-18538
-19894
-20328
-19749
-18609
-16649
-13984
-11090
-8195
-6171
-4773
-4393
-5018
-6067
-7618
-9896
-12457
-14954
-17030
-18232
-18677
-18433
-17846
-16436
-14631
-12526
-10663
-8800
-7033
-5671
-5073
-5087
-5649
-6847
-8249
-9750
-10985
-12245
-13521
-14220
-14244
-13394
-12321
-11201
-9951
-8501
-7130
-6064
-5231
-4642
-4474
-4556
-4953
-5855
-6776
-7909
-8825
-9989
-11014
-11723
-12217
-12234
-12152
-12012
-11671
-11207
-10867
-10566
-10537
-10761
-11013
-11242
-11766
-12704
-13776
-14912
-15881
-15764
-15321
-14627
-13570
-12666
-11723
-10266
-8860
-7652
-6784
-6361
-6752
-7668
-9121
-10513
-11592
-12605
-13470
-13910
-13913
-13345
-11697
-10028
-8644
-7306
-6866
-7071
-7832
-8907
-10537
-12156
-13896
-15622
-17124
-18142
-18575
-18066
-16759
-14847
-12511
-10261
-7769
-5299
-3493
-2372
-2320
-3059
-4431
-6060
-7896
-9320
-10670
-11902
-12582
-12898
-12630
-11677
-9904
-7656
-4929
-2363
-120
1950
3484
4783
5210
4425
2465
-14
-3113
-6129
-8972
-11489
-13574
-14895
-14875
-13429
-11464
-8651
-5158
-1863
852
2738
3559
2766
1126
-1579
-4639
-7949
-11422
-14069
-16043
-16968
-17175
-16459
-14819
-12776
-10696
-8942
-7170
-6311
-5622
-5245
-5553
-6211
-7274
-8175
-9204
-10117
-10592
-10928
-10484
-9736
-8421
-6533
-4449
-1816
509
2929
4278
5348
5602
5414
5334
4656
3315
1544
-655
-2268
-3646
-4530
-4626
-4338
-3468
-2642
-1642
-819
99
339
-252
-1491
-3308
-5521
-7735
-9897
-11448
-12662
-13298
-13172
-12121
-10761
-8991
-7185
-5442
-3652
-2751
-2501
-3155
-4061
-5016
-6336
-7335
-8463
-9178
-9038
-8272
-6755
-4772
-2420
21
2227
4264
5955
6852
7510
7141
6245
4606
2585
644
-1024
-1909
-2649
-2859
-2505
-1257
640
2621
5054
6938
8368
9371
9731
9598
8777
7410
5519
3226
658
-2264
-4360
-5978
-6827
-6795
-6385
-5842
-4915
-3259
-1466
496
1967
3026
3157
2513
1156
-727
-2664
-4815
-6327
-7267
-7828
-7374
-6003
-3663
-1214
1354
3653
5308
6339
6706
6542
5975
4689
3352
1924
469
-373
-734
-537
215
1122
1984
2933
3951
4790
5825
6393
6190
5398
4141
2725
1588
649
-102
-252
66
813
1796
2999
3991
4764
5320
5992
5975
5746
4833
4247
3689
3395
3613
3695
4163
5081
6065
6750
7694
8412
9023
9437
9632
9581
9144
8846
8307
7646
6475
4957
3077
1197
-589
-2284
-3633
-4461
-4796
-4686
-3800
-2588
-420
1954
4367
6284
7415
7668
6874
5662
3513
932
-1621
-3862
-5453
-6064
-5346
-3952
-1157
1920
5634
9221
11750
13412
14450
14198
12892
11124
8562
5584
2961
397
-1278
-1603
-1177
79
1728
3736
6169
8601
10626
12209
13045
13085
12222
10825
9050
7282
5657
4034
2843
2260
2425
2935
3856
5126
5845
6375
6641
6314
5778
5107
4185
3071
1704
387
-635
-1503
-2168
-2633
-2637
-2291
-1259
-82
1283
3028
4899
6782
8423
9584
10234
9989
9106
7914
6473
5126
4516
4303
4486
5293
6793
8619
10668
12593
14051
15136
15444
15321
14428
13021
11522
9752
8100
6593
5103
4261
3844
3691
3688
3686
3765
3886
4579
5385
6296
6882
6843
6211
4786
2782
1062
-546
-1610
-2079
-2144
-1896
-882
689
2347
4133
5306
6087
6147
6010
5666
5340
5086
4771
4073
3472
2774
2373
2679
3188
3934
4315
4486
4456
4508
4608
4559
4895
4369
3907
3479
3398
3769
4163
4790
5678
6125
6742
7275
7835
8657
9221
9367
8994
8018
6862
5748
4542
3388
1855
486
-714
-1676
-2208
-2135
-1635
-873
472
2144
4210
6277
8214
9821
10656
10596
9908
8539
6938
4935
2696
412
-1394
-2322
-2615
-1841
-88
2074
4511
7083
9290
11008
12306
12939
12851
11962
10562
8316
5604
2629
-95
-2249
-3894
-4961
-5400
-4694
-3288
-1303
613
2579
4489
5745
6749
7118
7255
6616
5916
4721
3429
2203
1196
805
490
837
1331
2268
3257
4219
4941
5324
5178
4900
4355
3430
2585
1180
305
-592
-1087
-1199
-1023
-507
-72
624
869
1164
1466
1620
1472
980
267
-1240
-2691
-3698
-4489
-4997
-5616
-6174
-6286
-6162
-5599
-5094
-4516
-4146
-3703
-3771
-3944
-4217
-4486
-4974
-5447
-6146
-7175
-7787
-8236
-8219
-7783
-6627
-5313
-3632
-1461
1280
3850
5798
7430
8311
8622
8315
7644
6594
5394
4162
2927
1774
666
160
452
1243
2354
3485
4459
5630
6482
6619
6470
5436
3999
2106
-138
-2373
-4571
-6348
-7884
-8836
-8987
-8855
-7661
-6035
-4076
-2172
-860
335
1123
1570
1739
1195
-28
-1845
-3603
-5028
-6119
-6602
-6380
-5688
-4964
-4278
-3468
-2423
-1875
-1288
-955
-1053
-1783
-2905
-4435
-6160
-7860
-9667
-10846
-11521
-11385
-10227
-8542
-6510
-4569
-2915
-1813
-1199
-954
-1301
-1997
-3438
-5491
-7962
-9996
-11808
-12913
-13593
-13231
-12278
-10980
-9140
-7033
-5384
-3661
-3076
-3226
-4209
-5844
-7504
-9352
-11043
-12568
-14021
-14951
-15005
-14138
-12307
-9449
-6591
-3483
-795
1371
3091
3748
3536
2899
1965
465
-1209
-2806
-4221
-5538
-6543
-7663
-8438
-8156
-7280
-5694
-4112
-2714
-1889
-1525
-1931
-2749
-3707
-4920
-6644
-8322
-10150
-12170
-13546
-13990
-13851
-12808
-11288
-9530
-7534
-5727
-3731
-1808
-849
-650
-1308
-2289
-3788
-5550
-7792
-10082
-12073
-13488
-14498
-14515
-13687
-11638
-9006
-6653
-4532
-2917
-2287
-2088
-2700
-3919
-5627
-7550
-9510
-11567
-13231
-14346
-14357
-13506
-12195
-10171
-7920
-5614
-3531
-1963
-899
-1056
-1814
-3154
-4928
-6841
-8517
-10154
-11379
-12570
-13244
-13024
-12827
-11888
-10968
-9744
-8192
-6402
-5066
-3826
-3136
-3319
-3979
-5251
-6804
-8394
-9583
-10462
-10426
-9846
-8321
-5758
-3359
-1168
623
1948
2678
3203
2765
2079
940
-528
-2361
-3874
-5098
-6177
-7049
-7583
-7607
-7313
-7146
-7294
-7670
-8458
-9895
-11452
-12910
-14179
-15191
-16175
-16835
-16920
-16461
-15232
-13372
-11306
-9075
-7323
-6081
-4966
-4180
-3444
-3563
-3723
-4764
-5724
-6488
-7136
-7248
-7139
-6613
-5957
-5105
-3987
-2666
-1283
316
1626
2857
3319
2894
2371
1615
773
-469
-2120
-4194
-6733
-9273
-11379
-12709
-13644
-13779
-13345
-12625
-11239
-9593
-7167
-4764
-2873
-1735
-1228
-1624
-2158
-3454
-5380
-7698
-10697
-13296
-15827
-17589
-18130
-17651
-15834
-13389
-10499
-7336
-4348
-1773
280
1493
1603
640
-902
-2897
-5033
-6890
-8735
-9629
-9801
-9501
-8479
-7003
-5193
-2930
-1003
281
1257
1402
1090
352
-908
-2634
-4723
-6601
-8314
-9825
-10917
-11337
-11402
-11181
-10656
-9847
-9161
-8720
-8557
-8776
-9207
-10129
-11059
-11983
-12863
-13279
-13074
-12804
-11820
-10473
-8715
-6927
-5221
-3745
-3002
-3014
-3695
-4913
-6809
-8527
-10109
-11944
-12907
-13094
-12847
-11624
-9832
-7595
-5132
-3272
-1199
491
1301
1034
-178
-2276
-4733
-7720
-10236
-12904
-15108
-16705
-17065
-16284
-14566
-12026
-9162
-6378
-3773
-1785
-465
199
263
-633
-1802
-3504
-5754
-7406
-9047
-10319
-11190
-11666
-11888
-11772
-10999
-9522
-7762
-5106
-2492
134
2990
5261
7185
8146
8551
7913
6296
3964
1099
-1937
-4834
-7132
-8559
-8676
-7302
-5191
-2094
902
3742
6021
7626
8359
7765
6261
3896
1278
-1375
-3784
-5693
-6758
-7292
-7024
-6473
-5722
-4742
-3505
-2179
-1202
-694
-730
-1191
-2139
-2674
-3045
-2987
-3131
-3016
-2659
-2279
-1492
-563
278
952
1561
1865
2328
2620
2942
3209
3005
2186
1007
-563
-2192
-3333
-4619
-5436
-6329
-6688
-6551
-5747
-4674
-3306
-1965
-1007
-458
-393
-1040
-1829
-2893
-4469
-6242
-7839
-9211
-9317
-8558
-7298
-5702
-3800
-1802
-56
1671
3227
3865
4010
3146
1311
-904
-3222
-5366
-7090
-8341
-8661
-8510
-7608
-6210
-4408
-2099
-63
1971
3493
4561
4863
4332
3330
1720
-502
-2360
-4107
-5296
-5990
-5906
-5066
-3668
-1899
132
2081
3758
4992
6237
6751
6930
6658
5768
4497
2742
664
-1247
-2706
-3737
-4234
-4171
-3010
-1583
73
1988
3420
4645
5191
5192
4696
4085
2581
896
-718
-1677
-2572
-2732
-2144
-1187
406
2432
4385
6064
7761
8742
8833
7722
5964
3506
926
-1567
-3866
-5696
-6765
-7153
-6567
-5396
-3987
-2677
-1072
19
738
1361
1434
964
30
-939
-2418
-3454
-4264
-4442
-4117
-3558
-2290
-916
815
2552
3839
4863
5257
5330
4931
4566
3963
3089
1877
528
-1079
-2282
-3274
-3560
-3271
-2612
-1505
-441
839
2335
3373
4061
4280
3966
3361
2339
1036
-259
-1251
-2043
-2581
-2643
-2187
-1666
-658
307
813
1115
1219
922
389
-431
-1629
-2727
-4018
-5500
-6732
-7841
-8710
-9005
-8850
-8408
-7552
-6442
-5317
-3991
-2669
-1180
604
2267
3788
4965
5462
5658
5141
4644
3970
3330
2605
1704
1139
699
709
1397
2785
4060
5451
6362
6995
7066
6902
6509
5874
4681
3056
1235
-66
-1047
-1044
-682
-5
945
1772
2233
2690
3255
3655
4054
4223
3965
3360
2796
2659
2873
3530
4105
4726
5128
5516
5875
6170
6025
5313
4168
2655
952
-350
-1112
-1461
-1747
-1668
-1341
-637
281
960
1546
1481
1049
398
-474
-745
-923
-900
-1031
-1122
-1430
-1659
-1646
-1604
-1528
-1405
-1224
-1329
-1240
-1046
-814
-580
-116
370
412
548
454
-35
-1021
-2087
-3617
-5010
-6390
-7503
-8117
-8365
-7984
-7426
-6316
-4831
-3310
-1861
-820
-271
-458
-1081
-2221
-3996
-6341
-8521
-10832
-12762
-14206
-14551
-14366
-13056
-10939
-8617
-6565
-4703
-3137
-1823
-979
-363
-267
-625
-1509
-2358
-3486
-4481
-5433
-5810
-6042
-5915
-5183
-3779
-1739