-0.1052215
-0.1148328
-0.1112615
-0.1005237
-0.1197464
-0.1038074
-0.1058926
-0.12001
-0.09807889
-0.1137543
-0.1146171
-0.09733587
-0.12001
-0.1071629
-0.1016262
-0.1220713
-0.1004038
-0.1085052
-0.1195786
-0.09697634
-0.1157436
-0.1137063
-0.09762349
-0.1205613
-0.1064199
-0.1022254
-0.1218796
-0.1003319
-0.1091763
-0.1191232
-0.09707221
-0.116199
-0.1130831
-0.09824667
-0.1209688
-0.1057728
-0.1029924
-0.1219275
-0.09980462 
-0.110135 
-0.1190033 
-0.0969284 
-0.1171098 
-0.112436
-0.09843842 
-0.121544
-0.1050537 
-0.1038074 
-0.1220713 
-0.09930129 
-0.1110458 
-0.1183083 
-0.09704825 
-0.1180686 
-0.111669 
-0.09908557 
-0.1219515 
-0.1043586 
-0.1047181 
-0.1218796 
-0.09903763 
-0.1120525 
-0.117757 
-0.09723999
-0.1185479 
-0.1110219 
-0.0995889 
-0.1222151 
-0.1037834 
-0.1056769 
-0.1216878 
-0.09877398 
-0.1130352 
-0.1171817 
-0.09733587 
-0.1194587 
-0.110183 
-0.09999637 
-0.1226226 
-0.1030643 
-0.1064199 
-0.1216638 
-0.09851032 
-0.113946 
-0.1168702 
-0.09740777 
-0.120034 
-0.1093201 
-0.1010749 
-0.1227904 
-0.102561 
-0.1075704 
-0.1212324 
-0.09817477 
-0.1149047 
-0.1160313 
-0.0977673 
-0.120777 
-0.1085531 
-0.1016262

-0.12303 
-0.1177091 
-0.1068993 
-0.1034478 
-0.1199381 
-0.1001881 
-0.1110938 
-0.1167503 
-0.0973838 
-0.1180446 
-0.1092003 
-0.09997239 
-0.1218556 
-0.1020816 
-0.1068513 
-0.1204654 
-0.09762349 
-0.1140419 
-0.1155519 
-0.09716809 
-0.1196265 
-0.1080018 
-0.1007634 
-0.1219275 
-0.1016981 
-0.1076423 
-0.1201059 
-0.09752762 
-0.1145213 
-0.1150006 
-0.09743174 
-0.1199861 
-0.1074745 
-0.1013865 
-0.1220953 
-0.101051 
-0.1084093 
-0.1199142 
-0.09735984 
-0.1153601 
-0.1138981 
-0.09771936 
-0.1205134 
-0.1068274 
-0.1019857 
-0.1222151 
-0.1006915 
-0.1092722 
-0.1196265 
-0.09719206 
-0.1161511 
-0.1132509 
-0.09807889 
-0.1212564 
-0.1061802 
-0.1027048 
-0.1223829 
-0.1001881 
-0.1102069 
-0.119243 
-0.0973119 
-0.1168941 
-0.1125558 
-0.09848636 
-0.1218316 
-0.105581 
-0.1035197 
-0.122335 
-0.09980461 
-0.1111657 
-0.1188356 
-0.09712015 
-0.1179248 
-0.1119327 
-0.0990616 
-0.122311 
-0.104814 
-0.1049339 
-0.1221193 
-0.09944509 
-0.1120046 
-0.1183083 
-0.09750365 
-0.1184521 
-0.1113095 
-0.09961287 
-0.1225027 
-0.1042628 
-0.1059166 
-0.1220234 
-0.09884588 
-0.1130352 
-0.1178049 
-0.09755158 
-0.1194108 
-0.1106623 
-0.1000443 
-0.1228862 
-0.1035916 
-0.1066356